0 58071 45818 6339 4010 177 1808 12464 6800 10550 37323 8 11 0 0 66094 58071 50391 11746 9455 5629 8516 1696 16301 9850 42848 3 0 0 0 12835
1 50391 34880 9099 6033 405 8004 5097 6732 4274 25876 0 2 0 0 30255 45818 34880 7063 1097 1687 8189 23466 5731 9271 15867 13 0 0 0 5837
2 11746 7063 1240 364 124 151 487 373 710 12276 0 4 0 0 6568 6339 9099 1240 468 1037 1338 6140 1935 1625 6672 0 0 0 0 1678
3 9455 1097 468 1012 8319 28 100 55 42 526 0 0 0 0 2662 4010 6033 364 1012 244 1450 404 1439 449 3368 0 0 0 0 1700
4 5629 1687 1037 244 187 54 277 160 96 431 1 0 0 0 1805 177 405 124 8319 187 2164 16 24 23 111 0 0 0 0 35
5 8516 8189 1338 1450 2164 542 2988 1441 529 3763 3 0 0 0 1541 1808 8004 151 28 54 542 570 4099 2372 1798 0 0 0 0 832
6 1696 23466 6140 404 16 570 3729 3076 476 619 1 0 0 0 678 12464 5097 487 100 277 2988 3729 627 1893 1489 1 0 0 0 950
7 16301 5731 1935 1439 24 4099 627 450 50 97 1 0 0 0 568 6800 6732 373 55 160 1441 3076 450 1790 543 0 0 0 0 643
8 9850 9271 1625 449 23 2372 1893 1790 370 48 1 0 0 0 2170 10550 4274 710 42 96 529 476 50 370 268 1 0 0 0 628
9 42848 15867 6672 3368 111 1798 1489 543 268 448 5 5 0 0 9676 37323 25876 12276 526 431 3763 619 97 48 448 6 0 0 0 1530
10 3 13 0 0 0 0 1 0 1 6 10 1 0 0 15 8 0 0 0 1 3 1 1 1 5 10 2 0 0 13
11 0 0 0 0 0 0 0 0 0 0 2 0 0 0 45 11 2 4 0 0 0 0 0 0 5 1 0 0 0 12
12 0 0 0 0 0 0 0 0 0 0 0 0 0 0 0 0 0 0 0 0 0 0 0 0 0 0 0 0 0 0
13 0 0 0 0 0 0 0 0 0 0 0 0 0 0 0 0 0 0 0 0 0 0 0 0 0 0 0 0 0 0
14 12835 5837 1678 1700 35 832 950 643 628 1530 13 12 0 0 4985 66094 30255 6568 2662 1805 1541 678 568 2170 9676 15 45 0 0 4985
