0 3 8 2 0 0 2 5 5 1 9 0 0 0 0 0 3 11 2 1 4 1 2 4 2 9 0 0 0 0 0
1 11 15 2 3 2 14 5 5 0 14 0 0 0 0 0 8 15 0 0 1 26 17 5 2 1 0 0 0 0 0
2 2 0 1 1 0 0 0 0 0 9 0 0 0 0 0 2 2 1 0 2 0 6 0 0 1 0 0 0 0 0
3 1 0 0 1 5 0 0 0 0 0 0 0 0 0 0 0 3 1 1 0 0 0 1 0 1 0 0 0 0 0
4 4 1 2 0 0 1 0 0 0 0 0 0 0 0 0 0 2 0 5 0 1 0 0 0 1 0 0 0 0 0
5 1 26 0 0 1 1 5 2 1 6 0 0 0 0 0 2 14 0 0 1 1 1 2 1 1 0 0 0 0 0
6 2 17 6 0 0 1 6 2 1 2 0 0 0 0 0 5 5 0 0 0 5 6 1 3 2 0 0 0 0 0
7 4 5 0 1 0 2 1 0 1 0 0 0 0 0 0 5 5 0 0 0 2 2 0 0 0 0 0 0 0 0
8 2 2 0 0 0 1 3 0 0 0 0 0 0 0 0 1 0 0 0 0 1 1 1 0 0 0 0 0 0 0
9 9 1 1 1 1 1 2 0 0 0 0 0 0 0 0 9 14 9 0 0 6 2 0 0 0 0 0 0 0 0
10 0 0 0 0 0 0 0 0 0 0 0 0 0 0 0 0 0 0 0 0 0 0 0 0 0 0 0 0 0 0
11 0 0 0 0 0 0 0 0 0 0 0 0 0 0 0 0 0 0 0 0 0 0 0 0 0 0 0 0 0 0
12 0 0 0 0 0 0 0 0 0 0 0 0 0 0 0 0 0 0 0 0 0 0 0 0 0 0 0 0 0 0
13 0 0 0 0 0 0 0 0 0 0 0 0 0 0 0 0 0 0 0 0 0 0 0 0 0 0 0 0 0 0
14 0 0 0 0 0 0 0 0 0 0 0 0 0 0 0 0 0 0 0 0 0 0 0 0 0 0 0 0 0 0
